1:3,2 9,4
2:19,5
3:1,2 11,6
4:6,5 16,9
5:17,10
6:4,5 18,11
7:9,8 21,14
8:10,9 22,15
9:1,4 7,8 11,10 23,16
10:2,5 8,9 12,11 24,17
11:3,6 9,10 13,12 25,18
12:10,11 26,19
13:11,12 27,20
14:16,15
15:17,16
16:4,9 14,15 18,17 28,23
17:5,10 15,16 19,18 29,24
18:6,11 16,17 20,19 30,25
19:17,18
20:18,19
21:7,14 23,22
22:8,15 24,23
23:9,16 21,22 25,24 31,28
24:10,17 22,23 26,25 32,29
25:11,18 23,24 27,26 33,30
26:12,19 24,25
27:13,20 25,26
28:16,23 30,29
29:17,24
30:18,25 28,29
31:23,28 33,32
32:24,29
33:25,30 31,32